46.62689868233376 544.9454721679166
63.275339000426115 685.5907924462812
44.58351195474933 583.5282443088564
66.64941776498021 780.7864442340398
91.328568301485 1016.2319385551712
69.69292997744039 777.2733705466288
75.59847432379314 838.7093657860389
49.39990258258619 566.8016117789239
62.2803086183064 662.0178228425282
38.41639052154777 489.85476659886297
85.79447001980837 998.9898929219775
17.21589721987653 264.356696840696
99.47396641369744 1083.8316328707392
26.080793619628693 333.4887284956552
28.834088661286906 402.2418938950047
36.57939117296405 473.8659210194307
17.85857714071065 316.3964403168193
21.630779469371355 361.75106447402914
42.39231993056467 547.1824193164593
89.7217247558686 1000.4451674319688
82.66497983570844 903.9096581416935
94.50431486631426 1075.260447883811
33.16701203560011 450.8719700625184
32.89021677291656 403.0747888092613
94.8905868873961 1044.8452948547128
34.09278573745499 387.56159976300125
21.876259716623046 309.26059319049057
79.35486312882746 892.9200108266248
25.01982949837389 320.4136582469762
62.03954393829495 729.9800182616282
35.06951713329387 483.9668086993464
24.78745067249758 342.06630637339936
38.344000325411564 477.35891321185676
17.424955664607456 294.90510220718147
40.0359846674219 481.9999176935697
47.5310360733929 559.895101072205
56.48104743388818 657.3611960107633
53.71453079611342 622.1409664447802
24.112677147118422 293.5191865997223
52.90533081432619 628.6955790226334
80.47923595371999 872.9239927936379
34.50382903002862 516.1227340029683
82.94577824631398 903.2679360363984
5.532097203396513 208.8170123993482
74.3616122056838 825.0043690580567
51.42572244682167 611.0234442171885
56.448006819143146 638.5158259416505
73.3660473110682 810.6078659489322
75.898705507968 826.8028405201255
70.64179687318217 771.2959253329656
42.12910164678462 555.2624082909018
25.376446503598604 405.2627893863381
37.987564932459414 485.0525113149612
50.363542591658685 599.3453121902946
29.417178860765414 421.1041692797935
47.980452175766985 637.8084739039939
14.461936402989927 247.91031566662053
91.92518498200575 997.086799320087
77.90619162207149 890.0412132834329
82.46272859065611 856.4892817586164
14.49251337208598 257.3555036000651
4.338446644949457 205.84657363902969
41.665318085587955 523.5119112584972
41.669746216694016 511.1528669554844
67.96148758215355 808.7819565913021
50.010241331644 610.5065485830279
56.35119996689591 644.4379086421975
10.080214389461528 196.84797871525316
83.97330624809679 966.6018633887663
90.1719977803282 1019.6847642955739
94.81319666882939 1076.0544880640225
12.411690633904849 221.57401097678226
5.787086052225154 140.62227664147503
88.06459540420666 1006.1779763703352
77.66830876398834 867.3518139341182
75.61513536602266 862.9390842289008
96.43564086001611 1096.3720473974645
21.46434651236134 287.3473946304506
93.62696932714452 1083.7519653332945
30.016382837222878 450.2996644779186
31.491873445556017 456.4860276383327
41.1655671994083 511.5149722522716
54.25087614701929 642.2307458534909
62.831973362474095 730.4309263931647
60.899698947750124 696.0481735773083
65.48520666157143 794.9609202826252
17.9153578200423 290.56548345431236
42.77878385418353 571.8986809960652
9.070975760086109 210.54920321791565
90.21629114385001 1004.6921622930751
53.01891510902779 579.0755854530585
56.98336677963821 669.2367504493413
57.73188653241736 706.4591861576404
9.45797800056557 170.61658063250795
1.9389314307569627 144.62913130125213
95.3011352044307 991.2454220053106
10.195485054146403 173.47487859207845
51.21249006479257 576.1164070742051
77.90631838161664 889.8656640385751
12.840029702667078 216.97815327907298
